TRAINING:
	 Accuracy = 0.8439024390243902
	 IOU = 0.5223148990790994
TESTING:
	 Accuracy = 0.7916666666666666
	 IOU = 0.4953237374657571
