TRAINING:
	 Accuracy = 0.9609756097560975
	 IOU = 0.5209765471537109
TESTING:
	 Accuracy = 0.8888888888888888
	 IOU = 0.4855904887541265
